56 11 11111111 1311111111.

Hebrus 1111 1, 146.
Η333631, 2, 4524.
Herophi4e4l, 5, 68.
H1spama IIII 4, 138.
Ηοι113111311111’,180.
Iapyd151111'1, 108.
13311131Π1, 4, 10.
11133331, 4, 63.
1113Π, 54, 542.

Ilion 41, 45, 22.
Indiges' ΙΙ, 6, 44.

11131311, 3, 66. Indus 112, 15.

IIII, 2, 20.
13131 ,3 23.
6113331111 1, 48.

111313 ’13. 111, 3, 13. 1111,

6,.4,4.11315

Iu4ppites41, 2, 8. 3, 49. 4, 23. 7,
26. ΙΙ, 5, 10. 26. 41. ΙΙΙ, 4, 72.

6, 60. 4II4I, 1, 130.

11113111, 3, 443.

Laestrygones IIII 1, 69.
1311,120.,334.7,,5.810

15.25.4I,1„640.,454.5204.

42.

Latona H, 3, 23. ΙΙΙ, 4, 72.

1363111113 4114, 4, 29.
Lavinium 11, 6, 49.
Laurens ΙΙ, 6, 41. 40.
1311333311Ι, 6, 38.

1361133331, 3, 80. ΙΙΙ, 3, 10.

11031ΙΠ, 6, 1.19.
113311, 4, 42
13311311, 9, 62.
1113133111, 4, 13.

LunaI, 8,421. 11, 4, 18. 111, 4,

1133113ΠΙ, 2, 19.
1111111113, 231111, 1, 199.
acerII, 6, 4.
Magynis'11’11‚1,146.

11311331, 1, 642 246. 11, 6, 37.

Marat4ms41, 4, 81. 8, 49. 71.
Marcius ΙΙΙ, 6, 68.
Maroneus IIII 1, 54.
Marpss1usll45,44.

1113131, 103011, 5, 51. ΙΠ,1,
11111, 4, 98. 4034. 134. 149.

1113161331, 1, 4. 2, 67
Medeal, 2, 61 ΙΙ, 4, 66.
Melampus IIII 1, 120.
11131363331111, Ι, 200.
Memphitesl, 7, 28.

Messalla, M, 7313113303-
vinus,1„1643.,.3156.45,.31
7 7 ΙΙ 41, 31. 33. 5, 119. ΙΙΙΙ,
ω3’3’

Messalinus Il, 6, 14.115.
Minerva Ι, 4, 26. ΙΙ, 1, 66.
Minois 111 6, 41.
Molorche1444111,1‚13.

Mopso iusl, 7, 4454
Μωεμηό.313
11111331, 4, 65. 67. ΙΙ,4, 15.
11313 ΠΙ, 6, 67.

Natalis, subst. 36 adi. Ι, 7, 63.
Π,313ωω331
Neaera 111, 1, 6. 232, 12. 29.
3,1313333
Nemesis 11 3, 61. 61. 4, 69. 6,
111. 6, 27.

Neptumus 1111 1, 66.
11313331111, 1, 4468 NereisI,5,
11336311111, 1, 49.

Nilusl 7, 4234 23. ΠΙΙ, l, 146.
11131131, 4, 63

Notus4, 54, 35. ΙΙΙ,4, 96.
113111, ’,1 ’.87 111, 4, 4l.4
Num101usII 5, 443.
0333111131, 44, 101111, 1, 144.
Oetam, 4, 241.

Olympus4, 6, 831111, 1,12.
131. 2, 13.

OpsI, Ι, 68.

Orcus ΙΙΙ, 3, 38. ,
0311131, 44, 27. 29. 43.
Padaeus 1111 1,145.
Ρ3133361111131, 44,18.
Palatium II, 45, 25.

Pfilesl 1, 346. ΙΙ, 5, 28. Palilia

 

